2929
2806
271
2316
4542
3575
4549
2611
4124
1986
4058
1618
334
1656
2642
1074
2215
2202
4026
4675
1181
1522
3616
1072
2835
1535
4480
3912
2194
4382
4628
2953
2511
4981
4951
3535
4452
3383
2786
4348
3131
1456
2888
4534
4851
2486
3001
1301
3734
2432
173
1217
3159
2048
3386
3402
4281
4380
3767
1530
3661
4870
1397
3027
4868
4226
1692
2517
3305
1667
3025
3396
1557
4189
3071
4464
2516
2865
2528
3288
4340
2236
3005
1325
1093
3123
3993
1367
174
1043
1105
4771
4280
1198
2177
2761
3426
4050
1398
4665
2776
2821
2104
1539
2346
282
3325
2088
4702
118
2861
288
4017
1770
3017
4618
2511
4573
234
4698
4346
1400
1991
4381
4509
1662
4483
1617
2268
3590
1246
2878
1604
1280
4662
1876
2990
4668
1785
3668
411
2138
2636
408
3439
4722
2261
3864
3426
4042
1858
2122
4272
1860
1852
3980
3395
3583
4872
4853
1605
3341
3866
69
1759
1910
3398
332
4027
4363
3915
1441
1274
2723
97
3451
3880
674
1517
3111
320
84
354
2297
4006
4220
4797
3127
41
4975
3418
2772
3333
2840
4704
3081
2532
4957
3641
2521
2270
4308
3700
1163
2256
2547
3376
4151
2117
3146
2996
3102
3733
4965
4696
4644
4973
2311
319
3780
1358
2484
4993
4431
337
3791
1558
204
2953
1845
2837
1044
2384
3057
3065
2186
3897
3190
1461
2694
3121
1582
1988
4326
3195
3581
1608
1185
1466
3330
4161
2897
924
386
3373
2230
104
269
3286
2003
1838
1607
1279
2063
187
1993
2324
4443
2223
462
1424
1081
211
4000
2205
3090
1918
4574
3264
2273
4296
423
2511
1755
1561
1224
2854
1090
272
297
2298
4737
4110
4884
2977
2151
4201
4796
1552
4271
3722
1904
1917
2505
1534
2055
3292
3316
4462
2757
2622
3244
4247
1627
2193
280
2933
2970
4571
83
2922
3160
3901
4867
4704
144
3368
2185
2289
4797
2241
4182
2173
2284
3898
406
444
261
1971
1566
3348
1565
1180
1864
57
1094
3057
3403
4310
3317
1112
1606
1687
1894
322
442
2620
2577
4353
4694
79
2958
2854
1807
2177
2317
3051
1988
4776
282
1013
2627
1522
4202
1446
2218
1824
3910
4446
2141
1955
360
4015
1985
4954
3102
2154
275
1348
2447
2093
3315
2987
1954
3814
2286
3826
4710
4374
1243
4163
2867
1176
4598
3922
4762
4070
3472
2429
3894
1156
2658
1464
3352
3104
4988
2594
2950
4486
1489
2953
1457
4820
1038
3058
498
2922
2426
4335
2813
4844
2388
1267
2620
3012
1696
3062
3969
1635
196
1876
2804
1633
2106
3584
1899
2842
2996
2296
3847
1553
4423
2702
1290
2155
1651
3794
2001
464
2568
3711
2123
2917
1600
384
2018
4713
4260
4005
2532
4513
2195
2131
4256
1275
4713
3116
3728
4578
4956
2533
4773
259
3332
2435
1155
2106
3084
292
2004
1895
4583
4055
1458
1696
2323
1235
2866
2672
2504
1061
1751
1588
2571
2663
2050
1877
3780
674
4820
1814
870
4386
1151
1628
3268
4800
4646
2085
2065
1805
1337
3123
4172
1834
4385
2972
4334
2884
4327
4236
4770
3573
4216
83
2077
1072
2311
4670
1151
160
4701
1384
4096
2272
1481
2652
2454
3300
3758
3215
4028
1358
3711
1503
2929
281
2288
450
3505
2085
3384
3761
2608
3196
368
3298
2048
688
1080
3764
1340
1454
285
1292
2257
2807
1096
2511
351
3214
2092
4241
2154
1456
1963
2853
443
3436
231
1471
4297
3435
1257
1679
4671
3348
1435
3732
1478
4618
3270
2547
3808
2600
229
2492
3358
2563
4925
1210
2887
2512
3337
3195
2782
3216
2816
3755
2450
3286
2803
4807
3608
2680
1698
1886
1578
228
4054
2743
2098
3395
2374
4568
3942
4966
285
3524
1331
3187
4505
1210
166
1791
4382
268
2766
3187
1248
1711
499
3517
3993
2164
106
3500
2963
3875
1842
431
4241
2005
1877
2283
3986
3627
2871
2125
3933
4504
3314
1965
2671
365
1054
4372
2671
2806
3193
4502
4504
2705
4923
1984
4167
3874
1015
3221
1910
2652
3177
230
4004
2954
3053
1686
2181
4822
2341
3436
2478
2504
2215
2635
2523
3357
1438
3050
1930
1676
2456
1583
3203
1500
4828
2896
1097
4182
379
4476
2497
2560
2393
3347
1424
1377
1000
2743
1971
3881
1586
2656
4026
3254
3097
2846
4794
4008
2147
3343
2452
1174
2763
2456
1235
341
3415
2974
3202
3858
1141
478
3518
2773
2588
2940
1842
4430
2847
2854
1184
3691
1577
3641
3724
1284
2837
2614
3048
3568
2501
2284
4926
2788
3016
4367
1754
4003
4747
3715
2339
1892
2439
2435
1031
3715
3470
3926
1774
646
1419
4578
4773
3270
88
4999
4464
2764
1087
3400
3312
1611
789
2097
2060
2522
2664
3246
3129
4848
263
4577
3640
2909
3188
4945
3406
3058
3095
3700
2138
3156
68
3557
3605
689
399
2147
1009
2020
2439
1357
4577
4538
1568
4637
2345
2648
3799
2359
2895
238
3008
3902
3483
3171
4033
3072
4742
3075
3433
2284
103
2181
3107
4596
1494
4702
4995
3963
3720
4841
3374
1449
2581
3794
1757
1366
1228
2616
4866
3110
1217
118
1230
2264
1656
4006
3806
1214
3108
1027
2709
2867
1503
1835
1240
2012
4765
422
1061
1000
3927
2169
2067
2124
1823
3416
1353
3724
2166
1425
3387
4811
4156
4491
4602
305
1843
4180
2838
2547
3570
3147
3475
470
194
1038
2695
2768
4671
4113
3163
1604
4854
1468
2802
2651
2604
224
4719
4552
2910
4875
1960
1174
2094
3347
3917
1758
2458
3785
1002
2283
2492
3482
3060
2875
4851
2260
4330
2252
1540
2951
1229
4599
1826
2041
2950
4567
2756
1535
1951
2548
231
4302
3135
3587
3208
3007
3398
12
2835
4415
1321
1831
1064
1599
2500
1968
1896
1560
3437
2095
2027
2735
1772
2317
3311
1662
424
3532
485
1312
1122
4510
4822
4866
4966